Channel 1,Channel 2,Channel 3,Channel 4,Channel 5,Channel 6,Channel 7,Channel 8,Channel 9
0,0,0,0,0,0,0,0,0
0,0,0,0,0,0,0,0,0
0,0,0,0,0,0,0,0,0
0,0,0,0,0,0,0,0,0
0,0,0,0,0,0,0,0,0
0,0,0,0,0,0,0,0,0
-3.35491e-05,0.00154916,0.00184101,3,-7.6,4102,0.00713007,0,0.00803291
0.0212372,-0.0208239,0.00190889,12,-22.8,4127.6,-0.00995086,0.0227786,0
0.0426625,-0.0381771,-0.00014938,17.8,-17.8,4139,-0.048993,0.0569405,-0.0127082
0.0815418,-0.0858214,0.000206954,16.4,-17,4127.6,0,0.011798,0.00437272
0.0543851,-0.0738351,0.0061413,19.6,-32.2,4117.2,0.0107903,-0.0333444,0
0.0922399,-0.12034,0.00530805,14.6,-23.6,4120.4,-0.0367923,0.0337592,0
0.135249,-0.156501,0.00746638,15,-28.4,4117.4,-0.0355722,0.00935791,-0.00904801
0.143326,-0.163476,0.00343716,15.8,-23,4130.6,0,0.00691777,-0.00538781
0.118114,-0.154964,0.00553604,18.4,-24.8,4127.4,0.0376317,-0.0394447,0.00803291
0.105677,-0.159419,0.00643314,20,-20,4124,-0.0111709,0.00447764,0.0141332
0.100612,-0.154885,0.00626135,15.2,-21.4,4129.8,0.00468993,0.00813784,0
0.0892315,-0.147816,0.00799336,16.4,-22.6,4113.2,0,-0.00894308,-0.00782794
0.126435,-0.17603,0.012316,14.6,-25.2,4125.4,0,0.0142382,0.00925298
0.138597,-0.18965,0.0112521,18.2,-22.4,4143.2,0.00591,-0.0126033,0
0.157887,-0.211066,0.00966988,16.2,-18.2,4133.8,-0.050213,0.0606007,-0.00660788
0.142545,-0.206667,0.0177654,20,-20,4125.4,0.0107903,-0.0309043,0.0214536
0.13763,-0.236522,0.050292,4.8,-13.6,4131.8,-0.0160512,0.0142382,0.00803291
0.13095,-0.238334,0.0779626,-15,-26,4124,0.0120103,-0.00894308,0.00559278
0.161007,-0.256842,0.124089,29.8,-10.8,4129.4,-0.0416726,0.030099,0.0116931
0.185468,-0.295199,0.159048,15,-20,4127,-0.0453328,0.011798,0
0.185185,-0.299844,0.188017,29.2,-22.6,4128.4,-0.0282518,0.0361994,0.00437272
0.214549,-0.331514,0.186201,11,-26.2,4110.4,-0.030692,0.0227786,0.00803291
0.229135,-0.355091,0.270729,57.2,-21.4,4111.8,-0.012391,0,-0.00904801
0.229829,-0.347753,0.329775,55.2,47.2,4141.8,-0.0428926,0,0.010473
0.266225,-0.360331,0.463939,123.2,10.6,4127,-0.0404525,0,0.0177934
0.255603,-0.314739,0.0494772,396.2,-130.2,4126.4,0.0107903,0.0325392,-0.192058
0.209183,-0.269297,-0.147579,514.8,22.8,4114.4,0.060813,0,0.0373145
0.0611378,-0.336633,-0.115713,572,-56.8,4071.8,0.0254311,0.0996428,0.028774
0.0409735,-0.191395,-0.0183879,810,-48.4,4327.6,0.226742,0,0.13126
-0.0352307,-0.246326,0.169325,1327.2,87.4,4087.8,0.0559327,0.0911023,0.209344
-0.433203,-0.22807,1.16548,1599.8,281.8,3964.8,-0.103896,-0.101668,0.477758
-0.51491,-0.378516,0.582675,972.6,-529.8,4186.4,0.259684,0.0728013,-0.442171
-0.322981,-0.349505,-0.266596,-1085,21.2,4488.8,0.346308,-0.0565257,0.00681285
-0.262824,-0.398925,-0.251191,-1655.4,15.4,3756.4,0.042512,-0.246856,-0.04565
-0.0315221,-0.404224,0.0143916,-901.4,8.8,3785.6,0.226742,-0.230995,0.239845
-0.0250995,-0.404615,-0.0278488,-157.8,-80.4,4193.6,-0.0111709,-0.0333444,0.010473
0.0983369,-0.490814,-1.73893,-1776,-1114.6,4303.2,0.487836,-0.238315,-0.96192
0.20747,-0.736196,-1.59198,118.2,-680.4,4066.8,0.312147,-0.0601859,0.193483
-0.0270204,-0.905457,-1.54612,188.2,-1074.4,4056.6,0.275545,-0.210254,0.470438
-0.0870187,-1.06518,-1.10059,1151.4,-1577.4,3891.6,0.0486123,0.0764615,0.313049
-0.249826,-1.26679,-0.75666,1312.4,-1776,3330.4,0.0388518,-0.32006,0.302069
-0.283026,-1.14551,-0.908741,641,-1451,3988,-0.665126,0.210669,-0.478773
-0.234589,-1.00626,-0.990959,120.4,-129.4,4615.6,-0.415013,0.357077,-0.148136
0.163388,-0.62582,-0.830333,-210,-92,6441,0.755031,0.586449,0.0177934
1.11919,-0.633326,-0.95424,-559,-261,6805,0.37437,1.17452,0.1398
1.02036,-1.33644,-0.712315,40.4,-263.6,5397,-0.683427,0.291193,-0.144475
1.03069,-2.09906,-0.362326,767,-867.2,3150,-0.0416726,0.810941,0.176402
0.841974,-2.83327,-0.482666,-167.2,-23.6,2322.6,0.0132304,0.381478,0.530221
0.656485,-3.03492,-0.597411,162.2,-470.8,4480.4,0.0144505,-0.410345,-0.181077
1.05925,-2.8571,-0.826335,-126.4,483.2,3472,0.212101,-0.188293,-0.381168
1.23079,-2.89672,-0.249197,448.2,-84.2,2558,0.124256,-0.351782,0.280108
1.00868,-3.06705,-0.391203,149.8,41.2,3390.8,0.501257,-0.299319,0.342331
1.55215,-3.9402,-0.266568,-51.8,298.6,4681.6,-0.994544,0.331455,0.198363
2.80074,-4.16968,-0.466703,-257.4,314.2,5375.6,-0.749311,-0.390824,-0.135935
3.27568,-3.75529,-0.421091,-1192.6,1224.4,4845,-0.313747,0.160646,-0.0566306
3.52614,-3.40878,-0.503912,-1341,1945.2,4064.2,-0.0880351,0.60231,0
3.8291,-3.39825,-0.628678,-872,1335.2,3812.4,-0.218582,0.310714,-0.0200286
3.60821,-3.39654,-0.340505,-521,383,4324.2,0.024211,-0.0565257,0.0690362
3.64019,-3.41295,0.262535,261.4,-543.6,4101.6,-0.144158,0.0398596,0.169082
3.51386,-3.47644,0.863297,401.2,-1378.2,3868.4,0.0876544,-0.13949,0.247166
3.53385,-3.71022,0.640666,344.6,-1926.8,4465.8,-0.0843749,0.676734,0.0324342
3.9921,-4.14984,1.06648,197,-1357.6,4386.6,-0.618764,0.130144,0.178842
3.74555,-3.8898,0.60356,-841,555.4,4728.8,-0.457715,-0.217574,-0.386048
4.05338,-3.92272,0.171093,-532,1725.4,4680,-0.313747,0.276552,-0.156676
3.97915,-3.5167,0.147928,-466.8,1802.4,3528.6,-0.242983,-0.268817,0.028774
3.95907,-3.2184,0.385531,-703,1524,3267,0.358509,-0.13461,0.1337
3.91333,-2.83914,1.65298,-997.4,908.2,4474,0.0522725,-0.0345645,0.417975
3.84202,-2.8933,-0.0631943,690.8,43,4231.4,-0.133178,-0.0333444,-0.23842
3.71696,-2.89555,-0.477856,13,10,4108,-0.0404525,0,-0.0981128
3.66458,-2.86223,-0.551228,112.4,-11.2,4121.4,-0.0587535,0.0264388,0.0116931
3.62395,-2.821,-0.520858,48.4,-0.4,4113.6,-0.0392324,0.028879,0.0116931
3.5894,-2.79987,-0.627829,-59.6,-63.6,4135,0,0.00813784,-0.0139283
3.62506,-2.83646,-0.698147,56.4,-204.2,4145.8,-0.0587535,0.0691411,0.0116931
3.65923,-2.84864,-0.550163,-9.8,-292,4137.2,0.0181107,0.0398596,0.0568356
3.72354,-2.88847,-0.588861,-105.8,-165.8,4098.8,-0.0270318,0.0386395,-0.0468701
3.72942,-2.77269,-0.504935,-51.4,-97.4,4125,0.290185,0,0.0861171
3.71672,-2.80821,-0.453067,109.8,293.2,4123.2,0.137677,-0.0321243,-0.00538781
3.74188,-2.786,-0.460245,45.4,72.2,4116.2,-0.00873079,0.0215586,-0.00538781
3.72048,-2.83889,-0.435053,33.6,-4.6,4110.2,-0.0343522,-0.0126033,-0.0102681
3.69001,-2.83272,-0.410777,28.8,-22.4,4147.2,0.0107903,0.0264388,0.0629359
3.66778,-2.79492,-0.306287,17,42,4119.6,0.0107903,-0.0199237,0.00925298
3.62423,-2.72604,-0.144284,5.2,-161.4,4132.2,0.0522725,-0.0113832,0.0214536
3.62483,-2.68767,0.013211,3,-123.2,4110.2,0.0669133,0.011798,0.028774
3.53776,-2.62934,0.0993178,-5.8,-55.8,4147.4,0.0327515,-0.0333444,-0.0236888
3.53568,-2.63372,0.283277,53.4,-109,4119,-0.0611936,-0.0138233,-0.0114881
3.48897,-2.60107,0.498764,-6,-80,4162,0.113276,-0.00406282,0.0434148
3.33384,-2.56954,0.308028,1,-331,4107,-0.0563134,-0.0577457,-0.0175885
3.26946,-2.60269,0.169355,-7.2,-32.2,4156,-0.0819348,-0.00406282,-0.0541905
3.31094,-2.70907,0.0747762,44,-190,4182,-0.108776,0.0874421,-0.146915
3.46316,-2.89321,0.284047,-148,-961.4,4096.2,-0.031912,0.0252188,0.187383
3.36507,-3.00995,0.507517,22,-1039.8,3976.4,0.0229909,0.0191184,0.13614
3.23104,-3.0056,0.524953,65.4,-1571.4,4188.2,0.0766738,-0.124849,-0.0139283
3.50412,-3.18582,0.490531,17.2,-2027.6,3908,0.408532,-0.115089,0.159321
5.64749,-3.23899,0.687316,191.8,-1711,3272.8,0.833115,0.685274,0.402114
5.54506,-3.34905,0.485373,68.2,-727,2899,0.221862,0.0642609,0.065376
5.49497,-4.40849,0.515821,287.2,-475.2,3155.4,0,-1.06308,0.300849
5.47383,-4.72051,0.545599,-50.6,-129.6,5595.6,-0.0160512,0.0435198,0.13736
5.54125,-4.59665,0.089678,-21.8,1458.2,5868.6,0.530538,0.475423,0.263027
5.48323,-4.24859,-0.435337,194.2,1884,3898.6,0.0730136,0.261912,-0.378728
5.43177,-4.05593,0.222,-82.6,1896.4,3365.6,0.115716,-0.276138,-0.266482
5.69748,-4.03793,-0.0394269,52.2,355.2,4187.6,0.0205508,0.159426,0.0604958
5.61426,-3.79771,0.0160642,164.6,885.4,4217.6,0.314587,0.175287,0.0202336
5.50583,-4.03007,-0.164723,37.6,-124,4235.8,0.164519,-0.0638461,-0.0480901
5.46248,-4.0276,-0.157765,85.6,331.2,4046.8,0.101075,-0.0187036,-0.0102681
5.37802,-3.91461,-0.180627,76.6,286.2,4068,-0.106336,0,0.00437272
5.30348,-3.85558,-0.174328,61.4,192.8,4097.2,-0.203941,0.0520602,0.0397546
5.22606,-3.74979,-0.184066,44.4,97.6,4113,-0.145378,0.00569771,0.0312142
5.18705,-3.72667,-0.171778,33.2,24,4107.8,-0.102676,0,0.0214536
5.15751,-3.68374,-0.172669,18.6,7.8,4116.6,-0.0709542,0,0.0190135
5.13746,-3.67363,-0.179415,16,4,4136,-0.0550933,0.00569771,0.010473
5.05076,-3.61668,-0.165759,15,-20,4144,-0.0172713,-0.0223638,0.0165734
5.03106,-3.61811,-0.159255,15.8,-24.8,4130.4,0.00713007,-0.0162635,0.00925298
5.02666,-3.61869,-0.153538,23,2,4126.4,-0.0270318,0.0484,0
5.03078,-3.4653,-0.119379,13.8,254.4,4109.2,-0.0733943,0.0801217,0.162981
5.0005,-3.47552,-0.149612,30,-35.6,4144.2,-0.0538732,0.0142382,-0.00416775
4.94087,-3.44897,-0.174288,33,-40,4117,-0.0282518,0.011798,0
4.86076,-3.40264,-0.167822,55.2,17.8,4122.8,-0.0136111,-0.0284641,0
4.82342,-3.38622,-0.260092,66.4,207.2,4135.2,-0.0233716,0.0313191,-0.00538781
4.76803,-3.30565,-0.258377,195.6,355.8,4115.4,-0.050213,0,0.291088
4.85095,-3.29758,-0.461406,-108.2,86.8,4167.8,0,0,0
4.84437,-3.20096,-0.266674,124,583.2,4095.2,-0.0197114,-0.0431049,-0.027349
4.53644,-3.0461,-0.239208,-1.2,867.8,4050.4,0.0510524,-0.105328,0.14712
4.56627,-2.85715,-0.216317,281.4,1315.4,3999.4,-0.145378,-0.14559,0.0336543
4.3918,-2.70999,0.297906,223,1452.4,4239.8,0.247483,-0.309079,0.194703
6.30024,-2.66862,-0.0100276,372.2,1297.2,3613.8,-0.0209315,0.7841,-0.354327
7.01293,-2.63878,0.101739,300,474,2004.6,0.0864344,1.32337,0.226425
7.93724,-3.02167,0.0350554,383.2,667.6,3007.2,-0.0709542,0.313154,0.14102
7.83478,-4.24202,0.0600097,106,131,4122,-0.756631,0.0898823,-0.0468701
9.16515,-6.20886,-0.122932,-79.8,341.6,4998.8,1.11373,0.00447764,-0.172537
10.9944,-6.38983,0.00678568,-124,312,4825,0.456114,1.28433,0.0531754
12.1284,-6.78255,0.281339,107.2,-1723.6,4179.2,-0.572401,0.255811,0.0385346
12.0041,-6.39899,0.270517,-253.8,-2919.2,4364,0.282865,0.105743,0.730312
12.0991,-6.60298,-0.131067,-111,-2212.2,4997.4,0.0754538,0.139905,0.555843
11.8616,-6.5066,-0.232667,443.8,-466.6,3908.2,0.1938,0.0825619,0.0324342
11.9818,-6.17697,2.08019,1099,-3100.6,3813.8,0.720869,0.011798,0.433836
11.8556,-6.44209,1.9198,410.6,-286.2,4169.4,0.287745,-0.124849,0.234965
11.6578,-6.27045,1.71513,721.6,-360.6,4137.8,0.0644732,-0.13705,-0.0224687
11.3527,-6.39062,1.45428,1478.8,-5.2,3963.4,-0.138058,0.180167,-0.127394
11.1023,-6.20966,1.63644,1766.6,42.4,3915.4,-0.274705,0.259471,0.0739165
10.9041,-6.16101,1.49068,1644.4,-2.4,4210.6,-0.527259,0.164306,0.0531754
10.5514,-6.08558,1.10074,1131,-162.2,3891.4,0.304826,0.22531,0.0177934
10.1938,-6.18817,0.799801,372.4,0.2,3836.6,0.206001,-0.105328,-0.00416775
10.0887,-6.44828,0.585983,216,152.6,3954,-0.269825,-0.0784868,-0.0627309
10.178,-6.19071,0.552191,-169.4,18.8,4961.4,-0.583382,-0.235875,-0.0737115
10.0628,-6.51715,0.00418076,-2578.4,101.4,4822.8,0.151098,0.202128,-0.166437
10.2417,-6.28209,0.782232,-1620.4,-281.4,3821.2,0.123036,0.429061,-0.218899
10.3236,-6.23659,0.700389,-1324.4,-526,3966.6,0.174279,0.0715813,0.00437272
10.4276,-6.13964,0.525625,-496.8,-132.6,3977.6,-0.155139,0.0484,-0.0920125
10.1985,-6.1976,0.415827,-52.4,-144.4,4050.4,0,-0.0882474,-0.126174
10.2746,-6.24108,0.394698,-880.8,-11.6,4155.4,-0.225903,0.23995,0.0373145
10.1463,-6.26517,-0.164932,155.4,-103.6,4176.4,-0.0660739,-0.0662862,-0.303084
9.93671,-6.23629,-0.412622,46,103,4032,0.124256,-0.0382247,0
9.93677,-6.0986,0.328612,-123.4,-265.6,4134.2,0.00591,0.0361994,0.115399
9.84905,-6.06353,0.407633,-83,-63,4164,-0.012391,0.00935791,0
9.83849,-5.97293,0.306512,-163,-280.6,4089.8,0.0778939,0.0959826,-0.0895724
9.72419,-5.88295,0.39794,-77.2,139.6,4239,0.0120103,0.030099,-0.153016
9.57894,-5.90744,0.393552,199,328,4241,0.0461722,0.00447764,0.0116931
9.52456,-5.89187,0.600419,-118.8,-141.8,4092.2,0.0876544,-0.0394447,0.0531754
9.36125,-5.79283,0.659842,-73.8,-127.8,4094.2,0.114496,-0.00650295,-0.0261289
9.2748,-5.5873,0.782497,89,-202,4131.6,0.062033,-0.0162635,0.154441
9.2198,-5.7622,0.452306,141.4,95.6,4203.6,-0.0624137,0.0898823,-0.200598
9.1587,-5.78513,0.498883,-14.6,-334.4,4077.6,-0.048993,0.00447764,0.0434148
9.11934,-5.66621,0.596834,-58.8,-147.6,4050.2,0.121816,-0.00650295,0.0312142
8.94061,-5.6284,0.660526,-98,265,4224.6,-0.0331321,0.0361994,-0.137155
8.87691,-5.64684,0.614067,116.6,-326.2,4182.8,0.120596,0.0203385,0.0604958
8.86962,-5.44487,0.811407,63,-217.8,3937.6,0.131577,-0.0321243,0.010473
8.83045,-5.5278,0.538385,56.4,203.8,4254.8,0.130357,0.0642609,-0.0529704
8.80895,-5.55754,0.646714,-48.2,-308.2,4100,-0.190521,-0.0113832,-0.113974
8.75914,-5.48182,0.667036,88.6,16.2,4154,-0.238103,0.0276589,-0.146915
8.70614,-5.54307,0.655817,-289.4,34.6,3979.4,-0.262505,0.0447398,-0.0419898
8.53797,-5.50932,0.657087,115.2,-333.4,4159.2,0.109616,-0.156571,0.222765
8.45514,-5.38147,0.623065,368.6,-30,4627,-0.232003,0.0142382,0.274007
8.30562,-4.95921,0.706194,453.2,722.8,4197.4,0.679386,-0.0431049,0.104418
8.0851,-4.92694,1.70027,332,-791.2,4033.6,0.329227,-0.248076,0.202023
8.08897,-4.71168,2.63355,30.8,140.2,4194,0.134017,-0.0150434,0.0556155
8.11215,-4.50095,3.61624,-1,-189,4131,0.0900946,0.00569771,0.287428
8.23494,-4.32359,5.00467,-7.2,-586.4,4069.8,-0.0184913,-0.0223638,0.409435
8.28153,-4.15165,6.76223,50,-674,4201,0.0217709,-0.0162635,0.858419
8.43954,-3.8313,10.1018,104.4,-551.4,4287.2,-0.108776,0.0801217,1.18418
8.60922,-3.06179,14.9064,95.6,-839.6,3802.8,0.206001,-0.0211437,1.59168
8.68396,-1.99128,21.9024,450,-693,3746,0.176719,0.122824,2.51283
8.66834,-0.859625,30.2809,646,-327,3979.6,-0.150258,-0.14315,2.83249
8.90298,0.766334,39.312,616.8,137,4438,0.335328,0.363177,2.94595
8.26144,1.96631,48.2185,798.2,-302.6,3892.6,0,-0.528691,3.08748
7.50744,3.31676,58.2511,777.4,-305.4,4589.2,-0.244204,0.0776816,3.21437
6.87357,4.58984,68.0593,857.2,-129.2,4009.2,-0.100236,-0.198053,3.39738
5.77611,5.59953,78.0005,934.6,88.8,4148.8,-0.0965755,-0.0675063,3.39494
4.77547,6.41581,88.1797,799,-205.2,4060.6,0.291405,0.0764615,3.47912
3.16494,7.12352,99.4443,1022,0.2,4184.6,-0.0343522,0.0715813,3.35955
1.44603,7.5711,109.955,776.6,230,3749,0.0254311,-0.520151,3.65603
0.0689385,7.92922,120.064,643.8,990.2,3981.2,0.0193307,-0.363982,3.1863
-1.16801,7.91777,128.108,630.8,1255,4219.8,-0.0270318,0.156986,2.37496
-1.54451,8.01843,129.233,-8.6,2947.4,3900.2,-0.0172713,0.183827,-1.52925
-1.59559,7.88903,129.326,-232,1287.6,4076.4,-0.130737,0.215549,-0.063951
-1.59033,7.81245,129.313,66.8,84.8,4108,-0.120977,0.0581605,-0.0358895
-1.60165,7.73762,129.306,27.2,118.6,4141.6,-0.085595,0.0886622,-0.00904801
-1.59496,7.66496,129.304,109.2,36.8,4098.8,-0.00507059,0.028879,-0.00782794
-1.57988,7.5854,129.307,83.4,43.6,4115.4,-0.0160512,0.00935791,0
-1.56427,7.51407,129.31,63,26.8,4128.6,0.0278712,-0.0187036,0.0129132
-1.56668,7.44226,129.31,33,30,4123,0.0266511,-0.0370046,0.00803291
-1.58048,7.36142,129.306,30,11.2,4122.4,0,-0.0113832,0
-1.55635,7.28685,129.305,41,29,4155,0.0107903,0.00813784,-0.0114881
-1.506,7.17421,129.305,46,7,4105,0,0.0239987,0
-1.51813,7.11101,129.301,48.4,2.8,4131.6,0.0120103,-0.0101631,0
-1.54525,7.05851,129.305,37,-10,4110,-0.0367923,0.0130181,-0.0175885
-1.54934,6.98869,129.303,34.2,-9.4,4114.4,0,-0.0357845,-0.00660788
-1.55794,6.93646,129.305,38.6,-10.4,4101.6,0.0095702,-0.00406282,0
-1.53816,6.85785,129.302,34.6,-8.4,4145.2,-0.0184913,0.0325392,0
-1.5088,6.7621,129.293,37.6,-5,4121,-0.068514,0.0435198,-0.0200286
-1.4618,6.65005,129.279,47.4,-15.6,4116.6,-0.00751073,0.0178984,-0.0212487
-1.46377,6.58903,129.222,40.4,-6.8,4122.6,-0.00507059,-0.00406282,-0.0432099
-1.4438,6.52304,129.124,77,-4.8,4132.6,-0.0184913,0.00569771,-0.0261289
-1.44236,6.46315,129.106,47.2,-16,4090.6,0,-0.00406282,0
-1.44493,6.40528,129.093,39.6,-9.8,4121.4,0.0107903,0.00691777,0
-1.43086,6.33348,129.091,38.8,-6,4119,0,0.0239987,0.0141332
-1.43757,6.27701,129.092,36.8,-7.2,4124.6,-0.00507059,-0.0284641,-0.00416775
-1.44749,6.22957,129.1,41,-17.8,4121.6,-0.00629066,-0.0174835,0
-1.4197,6.14626,129.102,38.8,-7.8,4129.6,-0.00751073,0.00691777,0
-1.40234,6.06094,129.102,38.6,-11.6,4126.8,0,-0.00650295,0
-1.37155,5.98093,129.101,42,-7.8,4118,0.00713007,0,0
-1.37256,5.90906,129.1,42.4,-0.4,4129,0.0168906,-0.0126033,0.00925298
-1.38031,5.84794,129.101,47.4,0.8,4131.6,-0.0136111,0.0227786,-0.00782794
-1.38523,5.78543,129.102,34,-4.2,4135.6,-0.0172713,0.0203385,-0.00416775
-1.3906,5.72772,129.107,32,0,4142,-0.00873079,0,0.00437272
-1.35335,5.63448,129.105,43.4,-12.4,4111.2,-0.0233716,0.0130181,-0.00782794
-1.33652,5.57257,129.109,41.4,-8.6,4132.2,-0.0245917,0.00569771,-0.0127082
-1.3586,5.52737,129.106,40,-15,4126,-0.00507059,0.010578,0
-1.3418,5.4592,129.107,35.6,0.6,4117.8,0.0144505,-0.0187036,0
-1.3237,5.38451,129.105,34,-9,4118,-0.0392324,0.0508402,0
-1.34194,5.33669,129.102,44.8,-15.4,4118.2,0,0.0130181,0
-1.32872,5.263,129.104,39.2,-15.6,4121.8,0.00835013,-0.00650295,0
-1.31934,5.20668,129.108,39.4,4.6,4130.6,-0.012391,0.0154582,0.00803291
-1.29308,5.11915,129.11,33.4,-5,4122.6,-0.0221515,0.0191184,-0.00904801
-1.27113,5.0642,129.118,40.2,-5.8,4121.6,0,0,0.00559278
-1.27116,5.01941,129.12,40.2,-9,4130.6,0.0278712,-0.0357845,0
-1.25846,4.95169,129.119,41.2,-7.6,4121.4,-0.00629066,-0.0174835,-0.00782794
-1.23687,4.88178,129.118,36.6,-9.4,4128,0,0,0.00437272
-1.23536,4.83907,129.122,37.6,-8.2,4122.4,0,-0.00772302,0
-1.20725,4.78407,129.127,40.4,-12,4120.4,-0.00507059,-0.00406282,0
-1.2051,4.73368,129.125,39.2,-13.8,4111.4,0,0,0
-1.18123,4.65609,129.119,42.4,-8.8,4123,0.00468993,-0.0211437,0
-1.17354,4.60715,129.092,39.4,-10.8,4122,0.00468993,-0.0174835,-0.0175885
-1.1498,4.54339,129.079,38.4,-12,4118.2,-0.0209315,0.028879,-0.00904801
-1.09379,4.45909,129.081,38.6,-14.4,4112.2,0,0.0325392,0
-1.11283,4.42664,129.081,39.2,-15.2,4110.2,-0.0172713,0.011798,0
-1.1,4.36977,129.082,45.2,-11.6,4129.4,0.00835013,0,0
-1.08742,4.3155,129.085,40.4,-9.2,4126.4,-0.0111709,-0.0101631,0
-1.09053,4.25862,129.089,39,2,4147,0.0327515,-0.0309043,0.00925298
-1.09579,4.21305,129.093,38,-6.6,4122.6,-0.0172713,0.0252188,0
-1.07119,4.15881,129.094,32.8,-5.2,4133.6,-0.0148311,0,0
-1.07639,4.1105,129.097,37,-21,4095,0.00713007,-0.0113832,0.00437272
-1.10359,4.07982,129.098,41.6,-12,4115,0.00713007,-0.0211437,0
-1.09879,4.03033,129.1,38,-7,4133,-0.0111709,-0.0150434,-0.00538781
-1.08148,3.98088,129.105,38.6,-3,4126.6,0,0,0
-1.07834,3.92417,129.106,36.8,-4.8,4131.8,-0.0258117,0.0264388,-0.0114881
-1.07154,3.87546,129.102,37.4,-11.6,4124.8,0.00713007,-0.0101631,-0.00538781
-1.0685,3.81827,129.105,36,-10.4,4116,-0.0270318,0.0398596,-0.00416775
-1.07319,3.78579,129.108,45.8,-7.2,4131.6,0.0132304,-0.0248039,0.00559278
-1.04863,3.72678,129.11,40.6,-11.6,4120.6,-0.0111709,-0.00528289,0
-1.06774,3.70034,129.115,36.6,-7.8,4126.8,0,0,0
-1.06105,3.6512,129.119,36,-6.6,4133.2,0,-0.00772302,0.00559278
-1.02734,3.59219,129.118,36.8,-4.4,4127,0.0168906,-0.0199237,0
-1.01563,3.54042,129.115,37.8,-12.4,4123.2,-0.0514331,0.0545003,-0.00782794
-1.02115,3.50173,129.115,39.8,-8.6,4129.2,0.0229909,0.0276589,0.00559278
-0.980812,3.43995,129.116,40.2,-11.8,4115.4,-0.0111709,0.011798,0
-0.955546,3.37965,129.121,40.2,-9.4,4117.2,0,0.00813784,0.00925298
-0.921819,3.31914,129.123,40.2,-2,4130.4,-0.00751073,0.0142382,0
-0.950645,3.29433,129.12,38.2,0,4139,0.00591,-0.0150434,0
-0.925663,3.2429,129.106,36,-6.6,4125,-0.0172713,0,-0.0139283
-0.906308,3.21619,129.085,34.4,-5.4,4126.4,0,0.0142382,0
-0.907768,3.16798,129.084,39.6,-10.4,4117.4,-0.0233716,-0.00406282,-0.00538781
-0.875432,3.13324,129.089,44.6,-16.6,4114,-0.00507059,0.028879,0.00559278
-0.847028,3.08608,129.098,41.2,-14.2,4116,-0.0258117,0.0386395,-0.00538781
-0.803659,3.00432,129.103,32.2,-15,4124,-0.00629066,0.0325392,0
-0.759615,2.92668,129.106,27,-14,4125,-0.0160512,0.0349793,0
-0.74019,2.87659,129.104,38.4,-3.6,4125.6,0,-0.0126033,-0.00416775
-0.733989,2.80774,129.101,36,-13,4124,0.00835013,-0.0235839,0
-0.750805,2.76606,129.097,40.4,-12.4,4120.8,0,-0.0150434,0
-0.709321,2.69624,129.097,43.6,-17.8,4120.8,0,0.04718,0.00925298
-0.73898,2.66444,129.096,34.4,0.6,4121,-0.0209315,-0.0211437,0.0141332
-0.708452,2.6079,129.096,36.2,7.8,4122,-0.012391,0,0
-0.72082,2.59393,129.101,50.6,5,4121,0.0132304,-0.0223638,0.00437272
-0.738785,2.56587,129.104,41.2,-1.4,4124.8,-0.00507059,0.0166783,0
-0.748221,2.54385,129.105,33.8,1.4,4123.6,0,0.010578,0
-0.7442,2.50066,129.102,33.2,-6.8,4131.4,-0.00873079,0.0252188,0
-0.709226,2.45492,129.099,40,-14.2,4124.6,0.0205508,-0.00406282,0
-0.717946,2.42973,129.098,38.4,-6.8,4117.2,-0.0209315,0.00569771,0
-0.712458,2.40674,129.1,40.4,-12.6,4123,0.0388518,-0.0467651,0.010473
-0.724933,2.39457,129.102,38.2,-16.4,4115.4,-0.0221515,0.0276589,0
-0.725139,2.35716,129.104,36,-3.8,4128.2,0,0.0142382,0
-0.725713,2.34224,129.105,36.4,-2.8,4125.8,0,0,0
-0.754651,2.34193,129.106,35,-8,4124.2,-0.0172713,0.030099,-0.00538781
-0.75586,2.32608,129.104,36.2,-4.4,4128.6,-0.00507059,0,0
-0.758781,2.31249,129.106,27.2,-11.4,4117.8,0.0254311,-0.0309043,0
-0.774455,2.32474,129.107,35.6,-13.4,4114.4,0.0290913,-0.0272441,0.00803291
